# TELESCOPE = UH88
# INSTRUMENT = SNIFS
# OBJECT = 2021zac
# CHANNEL = B+R
# EXPNUM = 21_261_058
# MJD-OBS = 59475.616424
# DATE-OBS = 2021-09-18T14:48:08
# EXPTIME = 1800.0s
# AIRMASS = 1.95
# RA = 08:20:57.09
# DEC = 58:51:24.99
# wl fl err
# [A] [erg/s/cm2/A]
3402.860000 4.050476e-17 5.507403e-17
3405.860000 3.266665e-19 5.655115e-17
3408.860000 -1.546899e-17 5.138223e-17
3411.860000 -4.764034e-17 4.799090e-17
3414.860000 -6.872254e-17 5.255504e-17
3417.860000 -3.499144e-17 5.384459e-17
3420.860000 -1.879741e-17 4.813800e-17
3423.860000 4.586280e-17 4.694166e-17
3426.860000 4.221749e-18 5.242542e-17
3429.860000 -3.362378e-18 5.210790e-17
3432.860000 5.851333e-17 4.602175e-17
3435.860000 2.229156e-17 4.583447e-17
3438.860000 6.363255e-18 5.128949e-17
3441.860000 -2.135189e-17 4.985588e-17
3444.860000 -5.123291e-17 4.349356e-17
3447.860000 -3.351706e-17 4.452589e-17
3450.860000 -1.171367e-18 4.864298e-17
3453.860000 -4.091402e-18 4.690435e-17
3456.860000 -4.007555e-18 4.212303e-17
3459.860000 -3.024393e-17 4.446126e-17
3462.860000 2.660134e-17 4.820185e-17
3465.860000 2.503021e-17 4.529640e-17
3468.860000 -5.210862e-17 4.137009e-17
3471.860000 -9.317819e-17 4.443211e-17
3474.860000 -3.370444e-17 4.673429e-17
3477.860000 -1.646935e-17 4.292398e-17
3480.860000 -3.524493e-17 4.009312e-17
3483.860000 -1.385989e-17 4.467246e-17
3486.860000 -5.659583e-17 4.515022e-17
3489.860000 -2.823946e-17 4.079118e-17
3492.860000 -8.542302e-18 3.922752e-17
3495.860000 -4.681975e-17 4.335651e-17
3498.860000 -5.270881e-17 4.336636e-17
3501.860000 -5.812356e-17 3.772532e-17
3504.860000 -3.684684e-17 3.722881e-17
3507.860000 1.966438e-18 4.221511e-17
3510.860000 -3.292339e-17 4.132801e-17
3513.860000 -3.206908e-18 3.611036e-17
3516.860000 4.327071e-17 3.707699e-17
3519.860000 1.334414e-17 4.047985e-17
3522.860000 4.375380e-17 3.921752e-17
3525.860000 -2.051998e-17 3.507996e-17
3528.860000 -3.774333e-17 3.711866e-17
3531.860000 -2.320260e-17 4.019087e-17
3534.860000 3.052510e-17 3.855755e-17
3537.860000 4.832384e-17 3.568666e-17
3540.860000 3.527347e-17 3.850301e-17
3543.860000 6.559513e-17 4.096011e-17
3546.860000 9.522679e-17 3.825259e-17
3549.860000 5.851341e-17 3.580270e-17
3552.860000 1.841012e-17 3.920921e-17
3555.860000 2.826800e-17 4.058395e-17
3558.860000 -1.099223e-17 3.637071e-17
3561.860000 2.684846e-17 3.501283e-17
3564.860000 1.326455e-18 3.916372e-17
3567.860000 3.266811e-17 3.946272e-17
3570.860000 4.363398e-17 3.479554e-17
3573.860000 4.460617e-17 3.412586e-17
3576.860000 4.733089e-17 3.814018e-17
3579.860000 2.297963e-17 3.745624e-17
3582.860000 4.607513e-17 3.263289e-17
3585.860000 5.014855e-17 3.299320e-17
3588.860000 3.411493e-17 3.629224e-17
3591.860000 -1.154896e-17 3.499171e-17
3594.860000 -2.208832e-18 3.110784e-17
3597.860000 3.978195e-17 3.258562e-17
3600.860000 -1.473400e-18 3.504489e-17
3603.860000 1.792049e-17 3.346432e-17
3606.860000 3.039105e-17 3.061008e-17
3609.860000 2.692847e-17 3.270531e-17
3612.860000 3.780653e-17 3.488083e-17
3615.860000 2.298113e-17 3.251435e-17
3618.860000 -7.610648e-18 3.024487e-17
3621.860000 2.692840e-17 3.332945e-17
3624.860000 1.158916e-17 3.448352e-17
3627.860000 2.127525e-17 3.129897e-17
3630.860000 6.178493e-17 3.001599e-17
3633.860000 7.175686e-17 3.355322e-17
3636.860000 2.379143e-17 3.376991e-17
3639.860000 5.201529e-17 3.020773e-17
3642.860000 8.797574e-17 2.995409e-17
3645.860000 4.751449e-17 3.387270e-17
3648.860000 4.502191e-17 3.334993e-17
3651.860000 2.466243e-17 2.879471e-17
3654.860000 3.065981e-17 2.934684e-17
3657.860000 5.518438e-17 3.256692e-17
3660.860000 5.389523e-17 3.172548e-17
3663.860000 7.434552e-17 2.840914e-17
3666.860000 5.028230e-17 2.917181e-17
3669.860000 3.974395e-17 3.162613e-17
3672.860000 5.048589e-17 3.031684e-17
3675.860000 1.075038e-17 2.722258e-17
3678.860000 2.220080e-17 2.922552e-17
3681.860000 5.949687e-17 3.134686e-17
3684.860000 4.623704e-17 2.911869e-17
3687.860000 1.008473e-17 2.681689e-17
3690.860000 -4.422980e-18 2.913490e-17
3693.860000 6.859091e-19 3.035282e-17
3696.860000 1.839758e-17 2.794662e-17
3699.860000 8.041361e-18 2.668096e-17
3702.860000 2.040620e-17 2.986558e-17
3705.860000 5.481287e-18 3.042559e-17
3708.860000 2.001574e-18 2.713415e-17
3711.860000 2.244935e-17 2.669554e-17
3714.860000 5.373598e-17 3.038776e-17
3717.860000 3.542762e-17 3.041817e-17
3720.860000 7.619651e-17 2.693845e-17
3723.860000 8.181458e-17 2.708171e-17
3726.860000 7.027080e-17 2.995556e-17
3729.860000 5.566990e-17 2.939062e-17
3732.860000 5.792593e-17 2.623146e-17
3735.860000 5.103786e-17 2.712319e-17
3738.860000 2.299136e-17 2.942892e-17
3741.860000 1.842514e-17 2.831029e-17
3744.860000 -6.017038e-18 2.549574e-17
3747.860000 7.273034e-18 2.681597e-17
3750.860000 -6.119711e-18 2.860476e-17
3753.860000 3.112967e-17 2.723732e-17
3756.860000 5.649289e-17 2.550115e-17
3759.860000 6.561115e-17 2.757241e-17
3762.860000 2.647265e-17 2.853665e-17
3765.860000 -2.897986e-18 2.611591e-17
3768.860000 1.459748e-17 2.467392e-17
3771.860000 1.425826e-17 2.712689e-17
3774.860000 -1.571470e-18 2.768412e-17
3777.860000 1.475882e-18 2.499319e-17
3780.860000 1.790374e-17 2.442871e-17
3783.860000 3.147367e-17 2.775251e-17
3786.860000 2.626251e-17 2.771068e-17
3789.860000 2.878622e-17 2.412363e-17
3792.860000 2.685155e-17 2.413505e-17
3795.860000 1.982275e-17 2.680682e-17
3798.860000 3.613875e-17 2.640034e-17
3801.860000 2.017187e-17 2.321232e-17
3804.860000 1.311290e-18 2.365367e-17
3807.860000 -1.821429e-17 2.573148e-17
3810.860000 -2.084580e-18 2.481881e-17
3813.860000 1.387820e-17 2.256892e-17
3816.860000 2.267824e-17 2.388167e-17
3819.860000 2.832574e-17 2.575591e-17
3822.860000 3.282082e-17 2.426720e-17
3825.860000 3.927906e-17 2.250317e-17
3828.860000 7.273626e-17 2.483536e-17
3831.860000 7.942219e-17 2.632341e-17
3834.860000 5.327649e-17 2.402524e-17
3837.860000 4.067498e-17 2.249286e-17
3840.860000 5.628910e-17 2.495800e-17
3843.860000 4.656347e-17 2.571761e-17
3846.860000 5.938478e-17 2.347022e-17
3849.860000 7.272942e-17 2.294480e-17
3852.860000 6.706430e-17 2.599435e-17
3855.860000 8.408460e-17 2.624253e-17
3858.860000 6.506341e-17 2.313364e-17
3861.860000 6.368565e-17 2.306393e-17
3864.860000 6.483315e-17 2.587816e-17
3867.860000 6.412296e-17 2.559398e-17
3870.860000 6.568338e-17 2.242584e-17
3873.860000 5.267782e-17 2.274338e-17
3876.860000 5.010901e-17 2.499457e-17
3879.860000 3.716519e-17 2.391441e-17
3882.860000 3.384812e-17 2.132808e-17
3885.860000 5.038617e-17 2.237803e-17
3888.860000 5.724869e-17 2.411709e-17
3891.860000 4.589804e-17 2.281657e-17
3894.860000 5.680235e-17 2.102352e-17
3897.860000 8.131221e-17 2.269572e-17
3900.860000 8.583662e-17 2.375960e-17
3903.860000 5.037993e-17 2.172290e-17
3906.860000 6.580952e-17 2.069684e-17
3909.860000 8.771882e-17 2.314862e-17
3912.860000 8.254830e-17 2.392589e-17
3915.860000 8.621492e-17 2.188162e-17
3918.860000 1.049690e-16 2.118863e-17
3921.860000 1.069431e-16 2.372575e-17
3924.860000 1.059231e-16 2.392103e-17
3927.860000 9.865577e-17 2.122669e-17
3930.860000 1.101866e-16 2.098238e-17
3933.860000 9.348774e-17 2.362421e-17
3936.860000 9.550178e-17 2.335685e-17
3939.860000 1.024598e-16 2.076832e-17
3942.860000 1.207210e-16 2.150841e-17
3945.860000 1.431885e-16 2.407049e-17
3948.860000 1.497017e-16 2.357969e-17
3951.860000 1.255599e-16 2.108620e-17
3954.860000 1.175805e-16 2.220143e-17
3957.860000 1.166295e-16 2.438744e-17
3960.860000 1.304429e-16 2.339387e-17
3963.860000 1.251821e-16 2.154103e-17
3966.860000 1.160695e-16 2.339761e-17
3969.860000 1.282856e-16 2.514588e-17
3972.860000 1.225958e-16 2.342456e-17
3975.860000 1.207292e-16 2.202685e-17
3978.860000 1.323286e-16 2.433506e-17
3981.860000 1.311988e-16 2.506667e-17
3984.860000 1.352698e-16 2.258256e-17
3987.860000 8.997835e-17 2.103569e-17
3990.860000 7.891151e-17 2.301067e-17
3993.860000 8.652256e-17 2.298929e-17
3996.860000 8.882815e-17 2.018483e-17
3999.860000 1.018517e-16 1.960488e-17
4002.860000 8.178061e-17 2.188732e-17
4005.860000 9.251148e-17 2.178135e-17
4008.860000 1.120355e-16 1.906327e-17
4011.860000 1.160320e-16 1.931838e-17
4014.860000 1.339802e-16 2.151781e-17
4017.860000 1.406499e-16 2.106996e-17
4020.860000 1.501968e-16 1.886320e-17
4023.860000 1.472551e-16 1.960255e-17
4026.860000 1.531157e-16 2.126448e-17
4029.860000 1.531018e-16 2.030833e-17
4032.860000 1.723747e-16 1.865968e-17
4035.860000 1.627204e-16 1.980407e-17
4038.860000 1.228051e-16 2.071414e-17
4041.860000 1.083483e-16 1.940468e-17
4044.860000 1.263823e-16 1.823582e-17
4047.860000 1.537126e-16 2.010503e-17
4050.860000 1.571129e-16 2.113786e-17
4053.860000 1.645485e-16 1.959497e-17
4056.860000 1.360534e-16 1.859700e-17
4059.860000 1.409170e-16 2.095694e-17
4062.860000 1.782046e-16 2.164562e-17
4065.860000 1.880296e-16 1.967409e-17
4068.860000 1.669706e-16 1.927283e-17
4071.860000 1.621679e-16 2.209183e-17
4074.860000 1.677764e-16 2.222854e-17
4077.860000 1.606877e-16 1.949466e-17
4080.860000 1.813483e-16 1.997674e-17
4083.860000 1.860126e-16 2.243113e-17
4086.860000 1.606899e-16 2.197217e-17
4089.860000 1.487841e-16 1.931936e-17
4092.860000 1.303288e-16 1.977793e-17
4095.860000 1.538830e-16 2.168385e-17
4098.860000 1.498809e-16 2.063866e-17
4101.860000 1.220868e-16 1.840612e-17
4104.860000 1.222694e-16 1.936255e-17
4107.860000 1.322782e-16 2.055494e-17
4110.860000 1.177006e-16 1.912109e-17
4113.860000 1.312309e-16 1.779000e-17
4116.860000 1.486822e-16 1.938848e-17
4119.860000 1.593265e-16 2.028660e-17
4122.860000 1.391495e-16 1.851609e-17
4125.860000 1.613651e-16 1.768828e-17
4128.860000 1.552530e-16 1.957255e-17
4131.860000 1.562428e-16 1.995055e-17
4134.860000 1.462167e-16 1.763247e-17
4137.860000 1.707674e-16 1.759837e-17
4140.860000 1.871074e-16 2.013246e-17
4143.860000 2.025098e-16 2.021302e-17
4146.860000 1.918372e-16 1.773506e-17
4149.860000 1.953325e-16 1.773454e-17
4152.860000 1.851128e-16 1.972878e-17
4155.860000 1.675458e-16 1.935486e-17
4158.860000 1.743267e-16 1.724261e-17
4161.860000 1.825957e-16 1.782783e-17
4164.860000 1.706179e-16 1.957185e-17
4167.860000 1.540960e-16 1.878661e-17
4170.860000 1.704032e-16 1.701932e-17
4173.860000 2.019193e-16 1.812439e-17
4176.860000 1.945557e-16 1.948909e-17
4179.860000 1.850136e-16 1.838924e-17
4182.860000 1.853675e-16 1.692341e-17
4185.860000 1.740408e-16 1.825642e-17
4188.860000 1.960928e-16 1.923994e-17
4191.860000 1.803838e-16 1.767837e-17
4194.860000 1.541145e-16 1.658578e-17
4197.860000 1.618372e-16 1.850358e-17
4200.860000 1.525079e-16 1.891928e-17
4203.860000 1.674925e-16 1.714607e-17
4206.860000 1.689140e-16 1.668946e-17
4209.860000 1.656676e-16 1.883902e-17
4212.860000 1.699433e-16 1.901365e-17
4215.860000 1.651149e-16 1.685859e-17
4218.860000 1.619903e-16 1.667904e-17
4221.860000 1.733907e-16 1.885330e-17
4224.860000 1.588670e-16 1.860161e-17
4227.860000 1.773767e-16 1.642021e-17
4230.860000 1.918170e-16 1.689141e-17
4233.860000 1.654717e-16 1.852039e-17
4236.860000 1.704236e-16 1.802577e-17
4239.860000 1.511919e-16 1.611661e-17
4242.860000 1.639756e-16 1.694235e-17
4245.860000 1.650405e-16 1.846867e-17
4248.860000 1.599304e-16 1.756554e-17
4251.860000 1.712892e-16 1.608319e-17
4254.860000 1.716221e-16 1.732603e-17
4257.860000 1.567583e-16 1.806133e-17
4260.860000 1.633444e-16 1.692633e-17
4263.860000 1.547158e-16 1.595889e-17
4266.860000 1.595295e-16 1.762679e-17
4269.860000 1.445034e-16 1.811427e-17
4272.860000 1.373278e-16 1.640679e-17
4275.860000 1.471526e-16 1.582100e-17
4278.860000 1.558604e-16 1.786810e-17
4281.860000 1.799188e-16 1.833838e-17
4284.860000 1.542765e-16 1.613702e-17
4287.860000 1.416618e-16 1.592003e-17
4290.860000 1.490750e-16 1.816972e-17
4293.860000 1.537521e-16 1.797507e-17
4296.860000 1.370259e-16 1.567978e-17
4299.860000 1.017980e-16 1.567153e-17
4302.860000 1.188527e-16 1.750860e-17
4305.860000 1.070036e-16 1.697809e-17
4308.860000 1.241664e-16 1.526505e-17
4311.860000 1.364860e-16 1.602281e-17
4314.860000 1.359266e-16 1.743533e-17
4317.860000 1.102423e-16 1.646414e-17
4320.860000 1.115890e-16 1.512168e-17
4323.860000 1.021904e-16 1.606525e-17
4326.860000 1.202702e-16 1.717334e-17
4329.860000 1.039730e-16 1.589324e-17
4332.860000 9.167188e-17 1.492136e-17
4335.860000 8.891260e-17 1.635401e-17
4338.860000 1.170282e-16 1.713497e-17
4341.860000 1.006703e-16 1.549726e-17
4344.860000 1.231077e-16 1.503942e-17
4347.860000 1.385725e-16 1.692872e-17
4350.860000 1.253234e-16 1.709657e-17
4353.860000 1.254225e-16 1.523929e-17
4356.860000 1.122842e-16 1.512708e-17
4359.860000 1.081456e-16 1.723368e-17
4362.860000 1.026656e-16 1.703653e-17
4365.860000 1.073796e-16 1.495263e-17
4368.860000 1.166402e-16 1.522007e-17
4371.860000 1.131249e-16 1.699648e-17
4374.860000 9.898796e-17 1.640054e-17
4377.860000 1.028139e-16 1.469041e-17
4380.860000 1.133841e-16 1.539157e-17
4383.860000 1.215196e-16 1.669662e-17
4386.860000 1.196401e-16 1.604996e-17
4389.860000 1.059258e-16 1.456138e-17
4392.860000 1.002746e-16 1.548840e-17
4395.860000 1.038576e-16 1.659315e-17
4398.860000 1.213591e-16 1.568414e-17
4401.860000 1.310029e-16 1.463765e-17
4404.860000 1.372355e-16 1.605774e-17
4407.860000 1.159934e-16 1.657248e-17
4410.860000 9.655222e-17 1.505527e-17
4413.860000 1.356873e-16 1.475668e-17
4416.860000 1.497469e-16 1.659775e-17
4419.860000 1.316691e-16 1.671157e-17
4422.860000 1.049339e-16 1.483807e-17
4425.860000 1.076955e-16 1.465916e-17
4428.860000 1.325071e-16 1.679345e-17
4431.860000 1.314599e-16 1.682356e-17
4434.860000 1.203675e-16 1.462970e-17
4437.860000 1.180708e-16 1.473366e-17
4440.860000 1.390618e-16 1.660133e-17
4443.860000 1.485232e-16 1.639263e-17
4446.860000 1.240582e-16 1.438256e-17
4449.860000 1.237880e-16 1.496115e-17
4452.860000 1.269410e-16 1.642037e-17
4455.860000 1.386103e-16 1.589582e-17
4458.860000 1.342070e-16 1.441128e-17
4461.860000 1.484262e-16 1.536743e-17
4464.860000 1.523734e-16 1.637780e-17
4467.860000 1.475831e-16 1.534086e-17
4470.860000 1.625261e-16 1.437055e-17
4473.860000 1.464482e-16 1.552403e-17
4476.860000 1.315790e-16 1.620993e-17
4479.860000 1.480764e-16 1.506403e-17
4482.860000 1.385312e-16 1.429976e-17
4485.860000 1.298839e-16 1.583796e-17
4488.860000 1.416009e-16 1.629263e-17
4491.860000 1.326404e-16 1.463093e-17
4494.860000 1.402398e-16 1.430682e-17
4497.860000 1.515729e-16 1.629992e-17
4500.860000 1.330804e-16 1.629871e-17
4503.860000 1.385043e-16 1.434294e-17
4506.860000 1.293433e-16 1.435808e-17
4509.860000 1.170415e-16 1.609827e-17
4512.860000 1.292670e-16 1.598654e-17
4515.860000 1.417082e-16 1.426299e-17
4518.860000 1.530146e-16 1.473545e-17
4521.860000 1.325557e-16 1.607664e-17
4524.860000 1.387703e-16 1.549743e-17
4527.860000 1.498217e-16 1.401435e-17
4530.860000 1.408916e-16 1.480862e-17
4533.860000 1.270834e-16 1.579772e-17
4536.860000 1.103193e-16 1.488832e-17
4539.860000 1.218732e-16 1.379926e-17
4542.860000 1.533398e-16 1.521499e-17
4545.860000 1.421829e-16 1.587994e-17
4548.860000 1.421328e-16 1.482956e-17
4551.860000 1.530937e-16 1.412700e-17
4554.860000 1.518074e-16 1.558130e-17
4557.860000 1.564970e-16 1.598577e-17
4560.860000 1.624285e-16 1.455319e-17
4563.860000 1.856258e-16 1.426484e-17
4566.860000 1.868794e-16 1.608388e-17
4569.860000 1.601861e-16 1.608821e-17
4572.860000 1.511268e-16 1.419128e-17
4575.860000 1.356839e-16 1.406994e-17
4578.860000 1.377619e-16 1.591741e-17
4581.860000 1.469770e-16 1.579659e-17
4584.860000 1.527536e-16 1.397274e-17
4587.860000 1.736698e-16 1.453032e-17
4590.860000 1.616176e-16 1.598298e-17
4593.860000 1.597638e-16 1.543098e-17
4596.860000 1.577960e-16 1.382209e-17
4599.860000 1.455620e-16 1.447609e-17
4602.860000 1.472215e-16 1.567713e-17
4605.860000 1.544568e-16 1.494654e-17
4608.860000 1.425832e-16 1.368520e-17
4611.860000 1.384721e-16 1.467202e-17
4614.860000 1.482036e-16 1.546983e-17
4617.860000 1.703413e-16 1.460083e-17
4620.860000 1.511409e-16 1.378578e-17
4623.860000 1.597130e-16 1.521381e-17
4626.860000 1.705797e-16 1.574803e-17
4629.860000 1.674801e-16 1.427891e-17
4632.860000 1.775968e-16 1.383946e-17
4635.860000 1.726107e-16 1.553305e-17
4638.860000 1.637389e-16 1.562335e-17
4641.860000 1.552900e-16 1.394533e-17
4644.860000 1.565751e-16 1.381900e-17
4647.860000 1.562808e-16 1.562772e-17
4650.860000 1.515204e-16 1.552458e-17
4653.860000 1.592433e-16 1.373221e-17
4656.860000 1.436430e-16 1.391996e-17
4659.860000 1.465789e-16 1.555527e-17
4662.860000 1.546611e-16 1.508822e-17
4665.860000 1.632739e-16 1.359198e-17
4668.860000 1.546242e-16 1.417380e-17
4671.860000 1.585251e-16 1.537341e-17
4674.860000 1.736654e-16 1.476859e-17
4677.860000 1.749682e-16 1.363796e-17
4680.860000 1.618756e-16 1.461801e-17
4683.860000 1.935612e-16 1.579593e-17
4686.860000 1.779877e-16 1.451050e-17
4689.860000 1.680220e-16 1.356073e-17
4692.860000 1.702440e-16 1.498554e-17
4695.860000 1.612659e-16 1.540369e-17
4698.860000 1.716405e-16 1.407021e-17
4701.860000 1.789695e-16 1.359316e-17
4704.860000 1.670367e-16 1.517938e-17
4707.860000 1.719929e-16 1.568062e-17
4710.860000 1.584082e-16 1.384318e-17
4713.860000 1.610054e-16 1.367659e-17
4716.860000 1.724910e-16 1.563721e-17
4719.860000 1.678898e-16 1.555795e-17
4722.860000 1.728641e-16 1.372134e-17
4725.860000 1.619222e-16 1.387912e-17
4728.860000 1.638218e-16 1.549933e-17
4731.860000 1.535921e-16 1.504001e-17
4734.860000 1.539918e-16 1.340108e-17
4737.860000 1.502925e-16 1.392912e-17
4740.860000 1.557478e-16 1.527365e-17
4743.860000 1.438942e-16 1.458775e-17
4746.860000 1.578577e-16 1.342800e-17
4749.860000 1.688591e-16 1.434235e-17
4752.860000 1.651011e-16 1.518987e-17
4755.860000 1.665701e-16 1.429448e-17
4758.860000 1.406792e-16 1.320222e-17
4761.860000 1.427470e-16 1.447619e-17
4764.860000 1.526268e-16 1.515445e-17
4767.860000 1.292674e-16 1.370434e-17
4770.860000 1.322589e-16 1.315404e-17
4773.860000 1.316557e-16 1.472540e-17
4776.860000 1.487683e-16 1.522500e-17
4779.860000 1.545196e-16 1.369216e-17
4782.860000 1.527557e-16 1.350939e-17
4785.860000 1.538448e-16 1.528152e-17
4788.860000 1.548099e-16 1.535095e-17
4791.860000 1.566340e-16 1.344316e-17
4794.860000 1.580514e-16 1.367391e-17
4797.860000 1.577070e-16 1.531051e-17
4800.860000 1.380731e-16 1.492037e-17
4803.860000 1.241007e-16 1.318802e-17
4806.860000 1.210321e-16 1.367428e-17
4809.860000 1.365962e-16 1.506263e-17
4812.860000 1.473333e-16 1.459608e-17
4815.860000 1.536249e-16 1.333684e-17
4818.860000 1.459250e-16 1.413928e-17
4821.860000 1.547377e-16 1.522167e-17
4824.860000 1.603958e-16 1.438731e-17
4827.860000 1.597073e-16 1.341139e-17
4830.860000 1.375305e-16 1.446004e-17
4833.860000 1.421671e-16 1.529988e-17
4836.860000 1.547059e-16 1.428701e-17
4839.860000 1.585011e-16 1.365890e-17
4842.860000 1.625800e-16 1.519797e-17
4845.860000 1.598770e-16 1.558341e-17
4848.860000 1.624135e-16 1.400503e-17
4851.860000 1.622213e-16 1.369965e-17
4854.860000 1.523706e-16 1.548148e-17
4857.860000 1.451130e-16 1.549361e-17
4860.860000 1.410436e-16 1.366538e-17
4863.860000 1.476860e-16 1.379812e-17
4866.860000 1.226290e-16 1.546745e-17
4869.860000 1.267829e-16 1.523640e-17
4872.860000 1.425321e-16 1.363898e-17
4875.860000 1.541734e-16 1.421040e-17
4878.860000 1.614132e-16 1.574655e-17
4881.860000 1.556659e-16 1.517136e-17
4884.860000 1.521615e-16 1.374510e-17
4887.860000 1.450052e-16 1.462690e-17
4890.860000 1.422594e-16 1.572688e-17
4893.860000 1.633258e-16 1.504474e-17
4896.860000 1.539155e-16 1.398920e-17
4899.860000 1.292315e-16 1.509789e-17
5202.860000 1.543909e-16 1.691154e-17
5205.860000 1.497959e-16 1.706328e-17
5208.860000 1.603587e-16 1.733739e-17
5211.860000 1.660260e-16 1.766225e-17
5214.860000 1.692240e-16 1.808482e-17
5217.860000 1.504331e-16 1.806901e-17
5220.860000 1.227664e-16 1.828091e-17
5223.860000 1.156805e-16 1.849031e-17
5226.860000 1.366616e-16 1.900685e-17
5229.860000 1.262776e-16 1.926605e-17
5232.860000 1.585088e-16 2.009659e-17
5235.860000 1.583912e-16 2.048303e-17
5238.860000 1.832524e-16 2.058962e-17
5241.860000 1.875969e-16 2.016683e-17
5244.860000 1.714772e-16 1.932389e-17
5247.860000 1.469603e-16 1.836667e-17
5250.860000 1.194194e-16 1.753187e-17
5253.860000 1.058836e-16 1.696197e-17
5256.860000 1.307545e-16 1.667131e-17
5259.860000 1.504479e-16 1.630975e-17
5262.860000 1.493887e-16 1.587327e-17
5265.860000 1.219894e-16 1.518385e-17
5268.860000 1.303262e-16 1.479002e-17
5271.860000 1.205519e-16 1.423655e-17
5274.860000 1.201386e-16 1.381774e-17
5277.860000 1.220993e-16 1.342530e-17
5280.860000 1.434898e-16 1.328009e-17
5283.860000 1.617670e-16 1.310397e-17
5286.860000 1.574817e-16 1.278273e-17
5289.860000 1.429947e-16 1.238736e-17
5292.860000 1.254826e-16 1.197536e-17
5295.860000 1.169500e-16 1.177297e-17
5298.860000 1.187347e-16 1.155165e-17
5301.860000 1.224479e-16 1.150660e-17
5304.860000 1.021911e-16 1.132895e-17
5307.860000 1.016139e-16 1.125583e-17
5310.860000 1.287802e-16 1.135308e-17
5313.860000 1.300567e-16 1.124319e-17
5316.860000 1.318029e-16 1.131644e-17
5319.860000 1.345431e-16 1.143027e-17
5322.860000 1.270375e-16 1.140146e-17
5325.860000 1.323376e-16 1.150401e-17
5328.860000 1.351948e-16 1.160350e-17
5331.860000 1.410299e-16 1.170765e-17
5334.860000 1.305154e-16 1.169679e-17
5337.860000 1.133906e-16 1.174424e-17
5340.860000 1.212070e-16 1.201235e-17
5343.860000 1.365874e-16 1.223547e-17
5346.860000 1.395474e-16 1.244108e-17
5349.860000 1.259489e-16 1.247303e-17
5352.860000 1.310293e-16 1.274929e-17
5355.860000 1.328059e-16 1.290529e-17
5358.860000 1.370519e-16 1.311645e-17
5361.860000 1.335861e-16 1.341111e-17
5364.860000 1.231527e-16 1.318881e-17
5367.860000 1.006960e-16 1.252998e-17
5370.860000 9.929402e-17 1.217618e-17
5373.860000 1.146677e-16 1.197463e-17
5376.860000 1.355287e-16 1.185637e-17
5379.860000 1.411796e-16 1.149342e-17
5382.860000 1.295637e-16 1.111355e-17
5385.860000 1.221852e-16 1.082365e-17
5388.860000 1.011493e-16 1.034358e-17
5391.860000 1.034216e-16 1.013044e-17
5394.860000 1.069883e-16 9.931553e-18
5397.860000 1.121158e-16 9.731363e-18
5400.860000 1.191860e-16 9.381939e-18
5403.860000 1.302443e-16 9.229901e-18
5406.860000 1.251051e-16 9.067761e-18
5409.860000 1.044184e-16 8.822452e-18
5412.860000 9.322507e-17 8.543725e-18
5415.860000 1.063799e-16 8.437145e-18
5418.860000 1.063110e-16 8.348755e-18
5421.860000 1.056543e-16 8.282164e-18
5424.860000 1.104497e-16 8.271369e-18
5427.860000 1.104127e-16 8.211668e-18
5430.860000 1.066544e-16 8.239319e-18
5433.860000 1.054317e-16 8.222492e-18
5436.860000 1.122852e-16 8.212951e-18
5439.860000 1.047694e-16 8.175418e-18
5442.860000 1.029376e-16 8.273041e-18
5445.860000 1.148571e-16 8.413391e-18
5448.860000 1.231795e-16 8.479829e-18
5451.860000 1.130544e-16 8.494151e-18
5454.860000 1.191984e-16 8.673278e-18
5457.860000 1.276759e-16 8.847848e-18
5460.860000 1.207548e-16 8.919202e-18
5463.860000 1.145002e-16 9.024767e-18
5466.860000 1.238043e-16 9.225363e-18
5469.860000 1.271925e-16 9.363239e-18
5472.860000 1.165476e-16 9.421119e-18
5475.860000 1.191968e-16 9.761600e-18
5478.860000 1.149283e-16 9.923239e-18
5481.860000 1.149262e-16 9.946177e-18
5484.860000 1.212829e-16 1.030953e-17
5487.860000 1.134835e-16 1.049172e-17
5490.860000 1.101457e-16 1.032781e-17
5493.860000 9.927821e-17 9.949126e-18
5496.860000 1.050446e-16 9.685321e-18
5499.860000 1.133870e-16 9.570514e-18
5502.860000 1.172378e-16 9.317230e-18
5505.860000 1.244320e-16 9.144994e-18
5508.860000 1.303228e-16 8.979753e-18
5511.860000 1.259800e-16 8.778894e-18
5514.860000 1.205369e-16 8.486325e-18
5517.860000 1.134084e-16 8.229195e-18
5520.860000 1.171109e-16 8.118844e-18
5523.860000 1.170747e-16 7.889515e-18
5526.860000 1.209401e-16 7.828936e-18
5529.860000 1.161073e-16 7.681445e-18
5532.860000 1.115363e-16 7.484889e-18
5535.860000 1.099627e-16 7.362144e-18
5538.860000 1.185569e-16 7.276971e-18
5541.860000 1.277688e-16 7.234060e-18
5544.860000 1.291945e-16 7.192860e-18
5547.860000 1.134236e-16 7.052759e-18
5550.860000 1.118006e-16 6.992766e-18
5553.860000 1.132378e-16 6.950867e-18
5556.860000 1.151351e-16 6.945362e-18
5559.860000 1.197081e-16 6.987620e-18
5562.860000 1.159023e-16 7.026840e-18
5565.860000 1.068022e-16 7.005532e-18
5568.860000 1.094153e-16 7.121012e-18
5571.860000 1.097043e-16 7.264590e-18
5574.860000 1.141294e-16 7.679779e-18
5577.860000 1.261848e-16 8.822001e-18
5580.860000 1.495477e-16 1.037850e-17
5583.860000 1.428293e-16 1.106727e-17
5586.860000 1.151499e-16 1.043371e-17
5589.860000 1.016139e-16 9.159848e-18
5592.860000 8.938432e-17 8.237807e-18
5595.860000 9.497525e-17 8.045057e-18
5598.860000 9.897200e-17 8.096462e-18
5601.860000 1.026749e-16 8.167573e-18
5604.860000 9.666866e-17 8.291483e-18
5607.860000 1.128979e-16 8.658310e-18
5610.860000 1.061200e-16 8.726926e-18
5613.860000 1.081887e-16 8.878358e-18
5616.860000 1.240577e-16 8.977467e-18
5619.860000 1.090642e-16 8.523605e-18
5622.860000 9.915472e-17 8.243315e-18
5625.860000 1.191044e-16 8.212683e-18
5628.860000 1.259013e-16 8.034323e-18
5631.860000 1.049921e-16 7.642571e-18
5634.860000 1.001778e-16 7.426224e-18
5637.860000 1.043172e-16 7.313025e-18
5640.860000 1.127317e-16 7.191311e-18
5643.860000 1.113330e-16 7.008757e-18
5646.860000 1.163997e-16 6.800906e-18
5649.860000 1.182930e-16 6.722757e-18
5652.860000 1.057998e-16 6.512423e-18
5655.860000 1.098614e-16 6.407614e-18
5658.860000 1.092664e-16 6.321651e-18
5661.860000 1.075024e-16 6.173321e-18
5664.860000 1.073465e-16 6.060248e-18
5667.860000 9.996999e-17 5.958252e-18
5670.860000 9.844506e-17 5.924239e-18
5673.860000 9.715550e-17 5.863735e-18
5676.860000 9.763790e-17 5.806063e-18
5679.860000 9.749154e-17 5.816961e-18
5682.860000 9.517793e-17 5.841855e-18
5685.860000 9.385445e-17 5.857414e-18
5688.860000 9.425366e-17 5.885312e-18
5691.860000 1.025323e-16 5.995923e-18
5694.860000 1.102669e-16 6.067151e-18
5697.860000 1.119155e-16 6.115928e-18
5700.860000 1.101804e-16 6.190269e-18
5703.860000 1.042622e-16 6.150521e-18
5706.860000 1.044273e-16 6.213239e-18
5709.860000 1.070114e-16 6.349364e-18
5712.860000 1.038567e-16 6.416224e-18
5715.860000 9.738969e-17 6.533367e-18
5718.860000 9.815506e-17 6.660803e-18
5721.860000 1.077938e-16 6.862542e-18
5724.860000 1.082155e-16 6.982227e-18
5727.860000 1.049391e-16 7.127920e-18
5730.860000 1.031785e-16 7.248121e-18
5733.860000 1.037479e-16 7.391596e-18
5736.860000 9.953367e-17 7.531902e-18
5739.860000 9.501970e-17 7.534818e-18
5742.860000 1.057519e-16 7.494167e-18
5745.860000 1.041553e-16 7.300619e-18
5748.860000 1.049496e-16 7.161749e-18
5751.860000 1.056473e-16 6.956495e-18
5754.860000 1.087139e-16 6.840256e-18
5757.860000 1.081734e-16 6.607657e-18
5760.860000 1.091364e-16 6.435072e-18
5763.860000 1.160903e-16 6.467559e-18
5766.860000 1.078156e-16 6.222375e-18
5769.860000 1.078648e-16 6.095081e-18
5772.860000 1.136718e-16 6.009022e-18
5775.860000 1.201031e-16 5.944425e-18
5778.860000 1.020466e-16 5.701297e-18
5781.860000 9.390990e-17 5.585167e-18
5784.860000 9.879490e-17 5.526042e-18
5787.860000 1.119258e-16 5.547592e-18
5790.860000 1.145827e-16 5.469299e-18
5793.860000 1.139298e-16 5.372649e-18
5796.860000 1.164968e-16 5.358779e-18
5799.860000 1.100340e-16 5.270967e-18
5802.860000 1.065419e-16 5.236660e-18
5805.860000 1.035683e-16 5.249555e-18
5808.860000 1.084671e-16 5.283996e-18
5811.860000 1.077384e-16 5.293723e-18
5814.860000 1.061960e-16 5.307323e-18
5817.860000 1.099547e-16 5.372475e-18
5820.860000 1.077683e-16 5.411552e-18
5823.860000 1.060083e-16 5.499401e-18
5826.860000 1.088457e-16 5.573636e-18
5829.860000 1.120027e-16 5.644970e-18
5832.860000 1.101097e-16 5.688370e-18
5835.860000 1.062018e-16 5.772984e-18
5838.860000 1.092824e-16 5.868417e-18
5841.860000 1.110976e-16 6.000621e-18
5844.860000 1.110263e-16 6.141092e-18
5847.860000 1.085526e-16 6.294715e-18
5850.860000 1.079600e-16 6.378963e-18
5853.860000 1.041553e-16 6.484461e-18
5856.860000 1.054694e-16 6.647327e-18
5859.860000 9.937855e-17 6.712189e-18
5862.860000 1.026005e-16 6.895873e-18
5865.860000 1.036334e-16 6.971982e-18
5868.860000 1.089471e-16 7.001001e-18
5871.860000 1.240806e-16 7.092170e-18
5874.860000 1.201537e-16 6.899257e-18
5877.860000 1.252463e-16 6.738155e-18
5880.860000 1.242919e-16 6.537279e-18
5883.860000 1.120336e-16 6.234884e-18
5886.860000 1.080690e-16 6.110945e-18
5889.860000 1.114233e-16 6.241221e-18
5892.860000 1.232081e-16 6.517895e-18
5895.860000 1.158807e-16 6.670220e-18
5898.860000 1.123086e-16 6.617408e-18
5901.860000 1.102420e-16 6.340714e-18
5904.860000 1.010633e-16 5.908419e-18
5907.860000 1.060392e-16 5.605191e-18
5910.860000 1.065131e-16 5.323374e-18
5913.860000 1.083782e-16 5.162146e-18
5916.860000 1.125539e-16 5.108766e-18
5919.860000 1.081317e-16 5.054837e-18
5922.860000 1.079772e-16 5.014524e-18
5925.860000 1.133654e-16 5.024900e-18
5928.860000 1.090642e-16 4.978638e-18
5931.860000 9.932611e-17 4.888744e-18
5934.860000 9.693601e-17 4.866183e-18
5937.860000 9.989571e-17 4.935143e-18
5940.860000 1.018400e-16 4.990558e-18
5943.860000 1.022056e-16 4.967519e-18
5946.860000 1.039314e-16 5.009521e-18
5949.860000 1.062159e-16 5.100115e-18
5952.860000 1.092988e-16 5.196097e-18
5955.860000 1.004015e-16 5.191192e-18
5958.860000 9.756790e-17 5.262366e-18
5961.860000 1.025721e-16 5.427904e-18
5964.860000 9.937762e-17 5.473476e-18
5967.860000 1.010346e-16 5.512122e-18
5970.860000 9.617697e-17 5.578733e-18
5973.860000 1.041044e-16 5.821218e-18
5976.860000 1.129198e-16 6.003951e-18
5979.860000 1.042600e-16 6.097244e-18
5982.860000 1.063821e-16 6.227504e-18
5985.860000 9.500885e-17 6.288124e-18
5988.860000 1.008156e-16 6.386415e-18
5991.860000 1.105270e-16 6.571957e-18
5994.860000 1.064857e-16 6.371334e-18
5997.860000 1.066721e-16 6.251317e-18
6000.860000 1.004477e-16 6.044158e-18
6003.860000 9.590503e-17 5.802020e-18
6006.860000 9.970248e-17 5.708118e-18
6009.860000 1.078278e-16 5.602156e-18
6012.860000 1.054718e-16 5.469905e-18
6015.860000 1.043255e-16 5.378870e-18
6018.860000 1.031713e-16 5.214410e-18
6021.860000 1.052284e-16 5.099408e-18
6024.860000 1.081962e-16 5.059529e-18
6027.860000 1.050540e-16 4.918259e-18
6030.860000 9.550570e-17 4.731017e-18
6033.860000 1.026487e-16 4.701275e-18
6036.860000 1.108912e-16 4.726766e-18
6039.860000 1.078991e-16 4.649757e-18
6042.860000 9.896961e-17 4.498726e-18
6045.860000 9.534392e-17 4.428504e-18
6048.860000 1.011340e-16 4.431659e-18
6051.860000 1.004893e-16 4.380096e-18
6054.860000 9.335666e-17 4.302402e-18
6057.860000 9.156287e-17 4.305997e-18
6060.860000 9.754996e-17 4.372565e-18
6063.860000 1.012783e-16 4.388380e-18
6066.860000 1.030045e-16 4.450865e-18
6069.860000 1.012657e-16 4.495895e-18
6072.860000 9.329499e-17 4.485510e-18
6075.860000 9.622330e-17 4.582178e-18
6078.860000 9.921698e-17 4.613028e-18
6081.860000 9.759666e-17 4.673905e-18
6084.860000 9.789216e-17 4.741669e-18
6087.860000 9.635466e-17 4.824930e-18
6090.860000 9.723494e-17 4.918542e-18
6093.860000 9.060692e-17 4.914786e-18
6096.860000 9.216897e-17 5.063687e-18
6099.860000 9.574865e-17 5.173148e-18
6102.860000 8.490393e-17 5.206476e-18
6105.860000 8.968936e-17 5.376992e-18
6108.860000 8.881211e-17 5.458530e-18
6111.860000 8.524025e-17 5.655509e-18
6114.860000 8.415078e-17 5.718593e-18
6117.860000 8.584829e-17 5.781274e-18
6120.860000 8.265899e-17 5.654159e-18
6123.860000 7.662584e-17 5.465287e-18
6126.860000 8.798324e-17 5.379336e-18
6129.860000 8.905294e-17 5.265005e-18
6132.860000 8.256597e-17 5.066091e-18
6135.860000 7.403222e-17 4.890860e-18
6138.860000 8.030918e-17 4.800608e-18
6141.860000 8.996981e-17 4.775849e-18
6144.860000 8.439940e-17 4.646648e-18
6147.860000 8.434980e-17 4.561554e-18
6150.860000 9.011510e-17 4.562569e-18
6153.860000 8.261682e-17 4.379063e-18
6156.860000 8.462693e-17 4.303556e-18
6159.860000 7.929361e-17 4.191465e-18
6162.860000 7.114224e-17 4.082328e-18
6165.860000 7.062725e-17 4.021853e-18
6168.860000 7.409730e-17 3.989394e-18
6171.860000 7.511956e-17 3.975217e-18
6174.860000 7.946909e-17 4.011609e-18
6177.860000 7.983411e-17 3.989548e-18
6180.860000 8.195609e-17 3.989165e-18
6183.860000 7.981680e-17 3.982426e-18
6186.860000 7.424316e-17 3.939948e-18
6189.860000 7.721178e-17 3.952791e-18
6192.860000 7.826232e-17 3.986694e-18
6195.860000 7.326273e-17 4.031503e-18
6198.860000 7.325746e-17 4.081047e-18
6201.860000 7.138379e-17 4.109729e-18
6204.860000 7.902492e-17 4.212849e-18
6207.860000 8.115965e-17 4.300111e-18
6210.860000 8.312720e-17 4.408383e-18
6213.860000 7.705011e-17 4.418107e-18
6216.860000 7.460974e-17 4.457084e-18
6219.860000 8.464380e-17 4.658675e-18
6222.860000 8.051879e-17 4.675746e-18
6225.860000 8.795025e-17 4.882462e-18
6228.860000 8.216270e-17 4.926898e-18
6231.860000 7.379218e-17 4.920532e-18
6234.860000 7.975602e-17 5.112752e-18
6237.860000 8.089523e-17 5.298847e-18
6240.860000 8.528792e-17 5.556449e-18
6243.860000 7.538485e-17 5.499882e-18
6246.860000 7.376828e-17 5.330143e-18
6249.860000 8.376955e-17 5.236677e-18
6252.860000 7.584669e-17 4.969643e-18
6255.860000 7.671457e-17 4.832092e-18
6258.860000 7.799473e-17 4.720067e-18
6261.860000 8.060181e-17 4.682150e-18
6264.860000 8.455172e-17 4.663315e-18
6267.860000 8.617195e-17 4.577584e-18
6270.860000 7.988164e-17 4.417155e-18
6273.860000 7.634771e-17 4.245845e-18
6276.860000 7.642280e-17 4.119335e-18
6279.860000 7.750662e-17 4.038450e-18
6282.860000 8.141838e-17 3.975795e-18
6285.860000 8.263967e-17 3.931416e-18
6288.860000 7.828537e-17 3.882853e-18
6291.860000 7.828212e-17 3.872425e-18
6294.860000 8.017454e-17 3.918148e-18
6297.860000 8.319335e-17 4.004188e-18
6300.860000 8.897587e-17 4.217539e-18
6303.860000 9.690961e-17 4.589622e-18
6306.860000 9.248805e-17 4.713878e-18
6309.860000 7.390183e-17 4.489726e-18
6312.860000 6.722048e-17 4.191066e-18
6315.860000 7.444074e-17 3.980736e-18
6318.860000 7.973877e-17 3.896032e-18
6321.860000 8.214579e-17 3.898027e-18
6324.860000 8.257310e-17 3.927176e-18
6327.860000 8.353348e-17 3.971570e-18
6330.860000 8.070556e-17 4.032312e-18
6333.860000 8.289097e-17 4.164574e-18
6336.860000 8.530820e-17 4.292172e-18
6339.860000 7.923066e-17 4.277339e-18
6342.860000 8.651544e-17 4.356426e-18
6345.860000 8.842283e-17 4.447918e-18
6348.860000 7.973561e-17 4.425572e-18
6351.860000 7.977317e-17 4.516526e-18
6354.860000 8.424630e-17 4.641816e-18
6357.860000 8.922175e-17 4.821939e-18
6360.860000 9.098026e-17 4.997310e-18
6363.860000 9.476424e-17 5.285599e-18
6366.860000 9.516151e-17 5.511144e-18
6369.860000 9.030413e-17 5.553833e-18
6372.860000 8.218266e-17 5.276786e-18
6375.860000 9.220894e-17 5.086584e-18
6378.860000 9.658638e-17 4.881602e-18
6381.860000 1.008483e-16 4.729716e-18
6384.860000 9.539995e-17 4.570385e-18
6387.860000 9.699935e-17 4.519471e-18
6390.860000 9.442628e-17 4.433324e-18
6393.860000 8.901075e-17 4.272327e-18
6396.860000 9.246763e-17 4.179492e-18
6399.860000 9.569068e-17 4.081705e-18
6402.860000 9.544552e-17 4.009726e-18
6405.860000 9.590754e-17 3.973350e-18
6408.860000 9.627348e-17 3.936707e-18
6411.860000 9.560134e-17 3.875816e-18
6414.860000 1.004271e-16 3.808970e-18
6417.860000 1.029431e-16 3.783240e-18
6420.860000 9.516406e-17 3.709160e-18
6423.860000 9.438235e-17 3.692062e-18
6426.860000 9.629252e-17 3.685784e-18
6429.860000 9.534982e-17 3.652854e-18
6432.860000 9.795475e-17 3.666366e-18
6435.860000 9.427721e-17 3.646025e-18
6438.860000 8.943672e-17 3.621999e-18
6441.860000 9.352711e-17 3.695868e-18
6444.860000 1.005819e-16 3.771164e-18
6447.860000 9.813867e-17 3.771616e-18
6450.860000 9.631294e-17 3.795073e-18
6453.860000 1.003678e-16 3.880714e-18
6456.860000 1.015028e-16 3.970106e-18
6459.860000 9.474161e-17 3.981268e-18
6462.860000 9.572095e-17 4.077408e-18
6465.860000 1.031178e-16 4.242868e-18
6468.860000 1.123425e-16 4.413061e-18
6471.860000 1.098336e-16 4.516743e-18
6474.860000 1.057389e-16 4.629102e-18
6477.860000 1.054187e-16 4.712949e-18
6480.860000 1.011717e-16 4.715013e-18
6483.860000 9.661977e-17 4.728176e-18
6486.860000 9.887895e-17 4.855111e-18
6489.860000 9.908016e-17 4.963263e-18
6492.860000 1.026118e-16 5.026250e-18
6495.860000 9.683450e-17 4.968506e-18
6498.860000 1.033628e-16 4.955622e-18
6501.860000 1.041567e-16 4.937738e-18
6504.860000 1.088140e-16 4.914944e-18
6507.860000 1.042007e-16 4.827765e-18
6510.860000 9.101876e-17 4.571047e-18
6513.860000 9.365801e-17 4.387401e-18
6516.860000 9.859243e-17 4.248514e-18
6519.860000 1.007826e-16 4.124512e-18
6522.860000 9.721975e-17 4.002884e-18
6525.860000 9.281453e-17 3.910641e-18
6528.860000 9.417244e-17 3.850469e-18
6531.860000 9.467136e-17 3.791822e-18
6534.860000 1.011083e-16 3.827497e-18
6537.860000 1.073194e-16 3.867296e-18
6540.860000 1.050274e-16 3.821811e-18
6543.860000 9.975622e-17 3.726231e-18
6546.860000 9.719899e-17 3.633397e-18
6549.860000 9.870841e-17 3.591374e-18
6552.860000 9.812831e-17 3.591332e-18
6555.860000 9.767446e-17 3.620343e-18
6558.860000 9.768979e-17 3.678120e-18
6561.860000 9.849107e-17 3.742346e-18
6564.860000 1.014681e-16 3.827853e-18
6567.860000 1.032405e-16 3.900484e-18
6570.860000 9.901078e-17 3.870573e-18
6573.860000 9.145117e-17 3.779024e-18
6576.860000 9.203729e-17 3.739475e-18
6579.860000 9.513410e-17 3.787791e-18
6582.860000 9.735455e-17 3.885169e-18
6585.860000 9.508308e-17 3.924348e-18
6588.860000 9.425552e-17 3.944926e-18
6591.860000 9.886329e-17 4.009568e-18
6594.860000 1.013032e-16 4.074070e-18
6597.860000 9.703613e-17 4.131166e-18
6600.860000 1.015097e-16 4.262677e-18
6603.860000 1.013721e-16 4.323492e-18
6606.860000 1.014222e-16 4.458148e-18
6609.860000 1.017422e-16 4.620173e-18
6612.860000 1.016108e-16 4.706928e-18
6615.860000 9.932334e-17 4.753444e-18
6618.860000 1.015797e-16 4.769532e-18
6621.860000 9.878482e-17 4.703205e-18
6624.860000 9.089169e-17 4.534558e-18
6627.860000 8.861193e-17 4.408274e-18
6630.860000 9.807753e-17 4.383918e-18
6633.860000 9.501813e-17 4.283191e-18
6636.860000 9.734320e-17 4.203121e-18
6639.860000 9.773480e-17 4.130571e-18
6642.860000 9.418123e-17 4.002446e-18
6645.860000 9.400875e-17 3.909507e-18
6648.860000 9.030197e-17 3.782372e-18
6651.860000 8.851740e-17 3.687607e-18
6654.860000 9.069801e-17 3.636865e-18
6657.860000 9.027728e-17 3.573082e-18
6660.860000 9.281704e-17 3.537167e-18
6663.860000 9.208146e-17 3.486726e-18
6666.860000 9.173425e-17 3.438532e-18
6669.860000 9.126041e-17 3.400393e-18
6672.860000 9.045874e-17 3.385194e-18
6675.860000 8.997983e-17 3.360596e-18
6678.860000 9.213091e-17 3.358370e-18
6681.860000 9.404587e-17 3.362938e-18
6684.860000 9.419933e-17 3.357429e-18
6687.860000 9.459833e-17 3.350502e-18
6690.860000 9.478688e-17 3.361823e-18
6693.860000 9.502981e-17 3.401215e-18
6696.860000 9.669769e-17 3.430926e-18
6699.860000 9.386544e-17 3.424875e-18
6702.860000 9.130306e-17 3.473192e-18
6705.860000 9.412901e-17 3.546642e-18
6708.860000 9.504523e-17 3.604945e-18
6711.860000 8.772850e-17 3.608825e-18
6714.860000 8.908504e-17 3.680838e-18
6717.860000 9.111153e-17 3.769811e-18
6720.860000 8.954951e-17 3.844980e-18
6723.860000 8.798857e-17 3.925641e-18
6726.860000 8.819975e-17 4.011063e-18
6729.860000 9.165602e-17 4.103978e-18
6732.860000 9.506430e-17 4.225851e-18
6735.860000 8.686150e-17 4.280490e-18
6738.860000 9.432430e-17 4.453984e-18
6741.860000 1.135299e-16 4.796796e-18
6744.860000 1.385446e-16 5.187620e-18
6747.860000 1.495855e-16 5.228409e-18
6750.860000 1.321379e-16 4.904645e-18
6753.860000 1.068814e-16 4.477759e-18
6756.860000 9.158465e-17 4.192918e-18
6759.860000 9.253882e-17 4.045897e-18
6762.860000 9.146760e-17 3.963185e-18
6765.860000 9.323143e-17 3.896296e-18
6768.860000 9.681148e-17 3.846894e-18
6771.860000 9.540995e-17 3.766059e-18
6774.860000 8.496700e-17 3.611452e-18
6777.860000 8.392547e-17 3.514395e-18
6780.860000 8.708575e-17 3.474551e-18
6783.860000 9.132982e-17 3.462455e-18
6786.860000 8.652731e-17 3.399606e-18
6789.860000 8.159273e-17 3.318768e-18
6792.860000 8.455259e-17 3.286711e-18
6795.860000 9.177074e-17 3.314161e-18
6798.860000 9.232650e-17 3.296746e-18
6801.860000 9.022069e-17 3.252433e-18
6804.860000 8.877578e-17 3.206740e-18
6807.860000 8.865851e-17 3.204900e-18
6810.860000 8.614142e-17 3.201415e-18
6813.860000 8.284162e-17 3.193064e-18
6816.860000 8.577693e-17 3.212889e-18
6819.860000 8.697864e-17 3.222201e-18
6822.860000 8.443277e-17 3.238043e-18
6825.860000 8.738171e-17 3.316194e-18
6828.860000 8.984156e-17 3.453205e-18
6831.860000 8.979634e-17 3.629690e-18
6834.860000 9.237361e-17 3.834205e-18
6837.860000 8.904629e-17 3.933414e-18
6840.860000 8.126343e-17 3.913080e-18
6843.860000 8.132866e-17 3.862053e-18
6846.860000 8.694455e-17 3.878654e-18
6849.860000 8.922677e-17 3.897458e-18
6852.860000 8.898438e-17 3.926866e-18
6855.860000 8.457458e-17 3.960471e-18
6858.860000 8.274758e-17 4.062326e-18
6861.860000 8.214702e-17 4.224701e-18
6864.860000 8.780741e-17 4.555484e-18
6867.860000 9.405950e-17 5.015260e-18
6870.860000 8.987709e-17 5.409722e-18
6873.860000 7.380047e-17 5.307543e-18
6876.860000 7.403623e-17 5.136446e-18
6879.860000 7.887430e-17 4.765599e-18
6882.860000 8.411318e-17 4.538744e-18
6885.860000 8.863018e-17 4.344251e-18
6888.860000 9.042893e-17 4.172771e-18
6891.860000 8.834865e-17 4.077489e-18
6894.860000 9.053594e-17 4.036050e-18
6897.860000 8.883598e-17 3.975675e-18
6900.860000 9.340198e-17 3.936627e-18
6903.860000 9.616722e-17 3.883639e-18
6906.860000 9.726113e-17 3.814103e-18
6909.860000 9.305616e-17 3.699170e-18
6912.860000 8.754312e-17 3.522452e-18
6915.860000 8.845857e-17 3.463113e-18
6918.860000 9.054974e-17 3.467646e-18
6921.860000 9.263783e-17 3.459786e-18
6924.860000 8.979716e-17 3.422471e-18
6927.860000 8.915433e-17 3.421402e-18
6930.860000 8.519429e-17 3.364255e-18
6933.860000 7.599590e-17 3.224183e-18
6936.860000 7.671084e-17 3.141908e-18
6939.860000 7.732811e-17 3.127203e-18
6942.860000 7.673814e-17 3.172581e-18
6945.860000 7.820770e-17 3.239950e-18
6948.860000 7.985307e-17 3.311842e-18
6951.860000 8.454388e-17 3.435729e-18
6954.860000 8.567032e-17 3.546326e-18
6957.860000 7.963998e-17 3.533407e-18
6960.860000 7.569242e-17 3.444516e-18
6963.860000 7.479429e-17 3.393514e-18
6966.860000 7.706743e-17 3.457905e-18
6969.860000 8.458946e-17 3.577371e-18
6972.860000 8.789528e-17 3.713180e-18
6975.860000 8.315863e-17 3.759869e-18
6978.860000 7.898449e-17 3.850176e-18
6981.860000 7.716810e-17 3.973151e-18
6984.860000 7.790846e-17 4.096644e-18
6987.860000 7.844753e-17 4.149774e-18
6990.860000 8.099440e-17 4.191122e-18
6993.860000 7.955289e-17 4.230906e-18
6996.860000 7.877844e-17 4.196292e-18
6999.860000 7.505464e-17 4.085539e-18
7002.860000 7.897186e-17 3.997336e-18
7005.860000 7.730106e-17 3.917525e-18
7008.860000 7.829162e-17 3.851987e-18
7011.860000 8.142572e-17 3.810268e-18
7014.860000 7.989002e-17 3.726544e-18
7017.860000 7.935683e-17 3.643583e-18
7020.860000 7.575521e-17 3.527901e-18
7023.860000 7.612801e-17 3.403006e-18
7026.860000 7.494459e-17 3.303082e-18
7029.860000 7.275009e-17 3.235111e-18
7032.860000 7.348324e-17 3.173776e-18
7035.860000 7.842869e-17 3.160671e-18
7038.860000 7.954481e-17 3.136023e-18
7041.860000 7.919478e-17 3.099064e-18
7044.860000 7.564160e-17 3.048569e-18
7047.860000 7.274589e-17 3.011643e-18
7050.860000 7.456577e-17 3.022727e-18
7053.860000 7.574218e-17 3.031245e-18
7056.860000 7.520482e-17 3.021039e-18
7059.860000 7.485075e-17 3.015056e-18
7062.860000 7.519697e-17 3.005596e-18
7065.860000 7.652531e-17 3.011253e-18
7068.860000 7.649661e-17 3.027376e-18
7071.860000 7.679061e-17 3.049440e-18
7074.860000 7.536773e-17 3.076702e-18
7077.860000 7.282680e-17 3.114016e-18
7080.860000 7.327551e-17 3.140006e-18
7083.860000 7.283924e-17 3.188739e-18
7086.860000 7.444435e-17 3.250142e-18
7089.860000 7.579422e-17 3.323095e-18
7092.860000 7.798151e-17 3.411296e-18
7095.860000 7.458313e-17 3.444243e-18
7098.860000 6.996209e-17 3.460790e-18
7101.860000 7.097485e-17 3.530191e-18
7104.860000 7.359877e-17 3.639963e-18
7107.860000 7.361390e-17 3.728790e-18
7110.860000 7.492462e-17 3.800034e-18
7113.860000 7.221020e-17 3.854440e-18
7116.860000 7.075314e-17 3.934273e-18
7119.860000 6.948432e-17 4.020505e-18
7122.860000 7.277590e-17 4.038222e-18
7125.860000 7.536882e-17 3.984719e-18
7128.860000 7.116534e-17 3.857514e-18
7131.860000 7.333026e-17 3.775925e-18
7134.860000 7.090211e-17 3.695043e-18
7137.860000 6.894166e-17 3.600738e-18
7140.860000 6.956091e-17 3.530484e-18
7143.860000 6.993593e-17 3.437901e-18
7146.860000 7.283902e-17 3.392053e-18
7149.860000 7.166272e-17 3.341411e-18
7152.860000 7.062399e-17 3.284231e-18
7155.860000 7.096115e-17 3.207413e-18
7158.860000 7.274427e-17 3.150288e-18
7161.860000 7.712435e-17 3.132790e-18
7164.860000 7.698684e-17 3.094283e-18
7167.860000 7.347348e-17 3.010244e-18
7170.860000 7.191736e-17 2.962241e-18
7173.860000 7.291061e-17 2.937972e-18
7176.860000 7.153313e-17 2.891456e-18
7179.860000 6.731126e-17 2.827667e-18
7182.860000 6.538549e-17 2.797201e-18
7185.860000 6.680062e-17 2.798381e-18
7188.860000 6.661367e-17 2.795445e-18
7191.860000 6.572644e-17 2.790876e-18
7194.860000 6.603678e-17 2.793639e-18
7197.860000 6.507375e-17 2.805798e-18
7200.860000 6.456348e-17 2.834069e-18
7203.860000 6.193216e-17 2.863023e-18
7206.860000 6.065386e-17 2.892466e-18
7209.860000 6.336433e-17 2.949590e-18
7212.860000 6.585259e-17 3.057761e-18
7215.860000 6.689587e-17 3.132688e-18
7218.860000 6.836369e-17 3.208388e-18
7221.860000 7.157122e-17 3.309590e-18
7224.860000 7.117901e-17 3.377129e-18
7227.860000 7.197488e-17 3.465184e-18
7230.860000 7.204122e-17 3.572341e-18
7233.860000 6.960915e-17 3.648558e-18
7236.860000 6.811195e-17 3.751203e-18
7239.860000 6.727476e-17 3.955222e-18
7242.860000 7.638473e-17 4.457711e-18
7245.860000 7.778544e-17 5.016579e-18
7248.860000 7.601578e-17 5.135627e-18
7251.860000 6.755740e-17 4.859677e-18
7254.860000 6.552997e-17 4.445424e-18
7257.860000 6.201150e-17 4.040988e-18
7260.860000 5.983841e-17 3.750611e-18
7263.860000 5.823888e-17 3.574181e-18
7266.860000 6.197384e-17 3.460675e-18
7269.860000 6.655887e-17 3.391371e-18
7272.860000 6.576419e-17 3.345849e-18
7275.860000 6.802916e-17 3.442527e-18
7278.860000 7.226484e-17 3.728881e-18
7281.860000 7.259195e-17 3.990324e-18
7284.860000 7.197291e-17 3.986310e-18
7287.860000 7.209278e-17 3.767472e-18
7290.860000 7.265230e-17 3.539274e-18
7293.860000 6.752553e-17 3.311902e-18
7296.860000 6.716812e-17 3.110809e-18
7299.860000 6.831298e-17 3.008880e-18
7302.860000 6.960268e-17 2.991218e-18
7305.860000 6.720496e-17 2.991555e-18
7308.860000 6.432227e-17 3.007536e-18
7311.860000 6.515041e-17 3.025205e-18
7314.860000 6.897538e-17 3.071898e-18
7317.860000 7.488597e-17 3.279899e-18
7320.860000 7.969411e-17 3.560876e-18
7323.860000 7.156891e-17 3.591135e-18
7326.860000 6.132767e-17 3.380244e-18
7329.860000 6.389968e-17 3.274136e-18
7332.860000 7.302285e-17 3.378360e-18
7335.860000 7.353942e-17 3.459237e-18
7338.860000 7.459884e-17 3.514584e-18
7341.860000 7.415972e-17 3.714716e-18
7344.860000 7.190152e-17 4.073955e-18
7347.860000 6.557265e-17 4.202153e-18
7350.860000 6.252845e-17 4.005821e-18
7353.860000 6.779955e-17 3.795239e-18
7356.860000 6.969746e-17 3.725606e-18
7359.860000 7.319101e-17 3.845351e-18
7362.860000 7.448757e-17 4.062880e-18
7365.860000 7.308827e-17 4.190491e-18
7368.860000 7.109752e-17 4.284229e-18
7371.860000 7.660220e-17 4.557236e-18
7374.860000 7.221108e-17 4.725940e-18
7377.860000 6.733874e-17 4.546672e-18
7380.860000 6.748976e-17 4.186766e-18
7383.860000 6.079818e-17 3.810075e-18
7386.860000 5.659593e-17 3.546518e-18
7389.860000 6.294655e-17 3.484147e-18
7392.860000 6.880269e-17 3.501835e-18
7395.860000 7.086806e-17 3.528311e-18
7398.860000 6.900727e-17 3.542073e-18
7401.860000 7.224187e-17 3.499157e-18
7404.860000 8.303615e-17 3.556462e-18
7407.860000 8.207123e-17 3.575615e-18
7410.860000 6.874757e-17 3.415426e-18
7413.860000 6.261441e-17 3.173035e-18
7416.860000 6.269314e-17 3.023908e-18
7419.860000 6.108963e-17 2.939100e-18
7422.860000 6.409191e-17 2.902612e-18
7425.860000 6.446186e-17 2.874815e-18
7428.860000 6.247184e-17 2.848991e-18
7431.860000 6.119625e-17 2.870316e-18
7434.860000 6.465135e-17 2.937131e-18
7437.860000 6.886636e-17 2.978572e-18
7440.860000 6.988659e-17 3.007366e-18
7443.860000 6.994955e-17 3.061905e-18
7446.860000 6.848187e-17 3.058905e-18
7449.860000 6.536131e-17 2.993701e-18
7452.860000 6.180905e-17 2.944896e-18
7455.860000 6.060766e-17 2.961094e-18
7458.860000 6.095632e-17 3.013940e-18
7461.860000 6.143709e-17 3.068271e-18
7464.860000 6.226928e-17 3.159465e-18
7467.860000 6.549948e-17 3.286826e-18
7470.860000 6.954204e-17 3.404611e-18
7473.860000 6.805515e-17 3.523129e-18
7476.860000 6.657296e-17 3.679601e-18
7479.860000 6.477127e-17 3.779078e-18
7482.860000 6.387069e-17 3.865355e-18
7485.860000 6.322171e-17 4.008806e-18
7488.860000 5.933597e-17 4.069941e-18
7491.860000 6.384791e-17 4.123515e-18
7494.860000 6.768132e-17 4.100290e-18
7497.860000 6.257495e-17 4.043262e-18
7500.860000 5.881613e-17 3.933936e-18
7503.860000 6.658361e-17 3.847113e-18
7506.860000 6.634361e-17 3.745657e-18
7509.860000 6.333285e-17 3.636086e-18
7512.860000 6.342700e-17 3.572070e-18
7515.860000 6.095607e-17 3.458729e-18
7518.860000 6.050875e-17 3.418366e-18
7521.860000 6.451121e-17 3.420699e-18
7524.860000 7.692833e-17 3.592457e-18
7527.860000 7.876841e-17 3.795431e-18
7530.860000 7.265481e-17 3.836786e-18
7533.860000 5.923967e-17 3.654916e-18
7536.860000 5.852571e-17 3.419701e-18
7539.860000 6.016913e-17 3.230777e-18
7542.860000 6.118567e-17 3.070347e-18
7545.860000 6.167156e-17 2.975015e-18
7548.860000 6.209966e-17 2.930167e-18
7551.860000 6.005242e-17 2.866094e-18
7554.860000 6.284086e-17 2.856731e-18
7557.860000 6.542205e-17 2.887894e-18
7560.860000 6.359571e-17 2.912459e-18
7563.860000 5.894957e-17 2.928369e-18
7566.860000 5.566770e-17 2.924077e-18
7569.860000 5.760874e-17 2.957825e-18
7572.860000 6.117629e-17 3.107930e-18
7575.860000 6.737690e-17 3.318848e-18
7578.860000 7.043801e-17 3.408222e-18
7581.860000 5.837317e-17 3.251623e-18
7584.860000 5.179803e-17 3.104069e-18
7587.860000 5.816783e-17 3.133141e-18
7590.860000 6.697103e-17 3.325684e-18
7593.860000 6.849023e-17 3.541338e-18
7596.860000 6.749169e-17 3.885267e-18
7599.860000 6.153952e-17 4.503491e-18
7602.860000 5.313868e-17 5.588850e-18
7605.860000 5.427215e-17 7.443708e-18
7608.860000 5.692723e-17 8.758331e-18
7611.860000 6.142647e-17 9.163897e-18
7614.860000 6.835165e-17 8.369826e-18
7617.860000 6.065308e-17 6.959738e-18
7620.860000 6.357068e-17 6.086771e-18
7623.860000 6.347362e-17 5.743493e-18
7626.860000 6.563269e-17 5.522014e-18
7629.860000 6.567993e-17 5.751132e-18
7632.860000 6.292803e-17 6.004885e-18
7635.860000 6.793743e-17 6.203458e-18
7638.860000 6.341968e-17 5.870108e-18
7641.860000 6.334011e-17 5.401177e-18
7644.860000 6.035235e-17 4.969989e-18
7647.860000 5.976967e-17 4.629822e-18
7650.860000 6.165699e-17 4.373348e-18
7653.860000 6.166172e-17 4.083989e-18
7656.860000 6.129323e-17 3.851133e-18
7659.860000 5.608897e-17 3.639509e-18
7662.860000 5.382906e-17 3.469575e-18
7665.860000 5.339076e-17 3.334861e-18
7668.860000 5.840580e-17 3.302191e-18
7671.860000 5.874343e-17 3.199111e-18
7674.860000 5.820629e-17 3.070051e-18
7677.860000 5.782729e-17 2.975645e-18
7680.860000 5.665224e-17 2.921642e-18
7683.860000 5.892604e-17 2.905121e-18
7686.860000 5.984220e-17 2.914115e-18
7689.860000 5.567231e-17 2.895734e-18
7692.860000 5.493556e-17 2.915055e-18
7695.860000 5.937132e-17 2.954517e-18
7698.860000 5.842369e-17 2.970491e-18
7701.860000 5.785406e-17 2.997274e-18
7704.860000 6.094638e-17 3.054153e-18
7707.860000 6.033094e-17 3.102320e-18
7710.860000 5.753161e-17 3.195661e-18
7713.860000 5.844864e-17 3.574373e-18
7716.860000 5.735970e-17 4.151392e-18
7719.860000 7.327381e-17 4.704765e-18
7722.860000 6.110853e-17 4.670919e-18
7725.860000 4.885455e-17 4.364553e-18
7728.860000 4.894874e-17 4.080179e-18
7731.860000 5.969216e-17 4.023739e-18
7734.860000 5.750082e-17 3.924207e-18
7737.860000 5.686565e-17 3.857768e-18
7740.860000 5.988095e-17 3.919435e-18
7743.860000 5.919204e-17 3.990687e-18
7746.860000 5.547856e-17 4.109682e-18
7749.860000 5.034941e-17 4.357452e-18
7752.860000 5.462135e-17 4.925438e-18
7755.860000 7.795337e-17 5.486702e-18
7758.860000 6.369769e-17 5.360466e-18
7761.860000 4.232859e-17 4.719173e-18
7764.860000 4.906893e-17 4.360749e-18
7767.860000 5.423186e-17 4.117783e-18
7770.860000 4.931065e-17 3.776808e-18
7773.860000 5.563747e-17 3.554869e-18
7776.860000 5.856614e-17 3.465803e-18
7779.860000 6.344924e-17 3.473790e-18
7782.860000 6.297690e-17 3.484411e-18
7785.860000 5.957701e-17 3.449039e-18
7788.860000 6.027751e-17 3.416617e-18
7791.860000 5.935932e-17 3.336469e-18
7794.860000 6.340212e-17 3.447225e-18
7797.860000 6.876860e-17 3.762999e-18
7800.860000 6.610271e-17 3.900422e-18
7803.860000 5.254934e-17 3.623097e-18
7806.860000 4.697867e-17 3.245639e-18
7809.860000 5.350541e-17 3.140595e-18
7812.860000 6.239151e-17 3.258906e-18
7815.860000 5.608508e-17 3.289915e-18
7818.860000 4.658204e-17 3.232039e-18
7821.860000 5.209000e-17 3.411031e-18
7824.860000 6.725593e-17 3.865615e-18
7827.860000 7.239327e-17 4.108506e-18
7830.860000 6.149519e-17 3.867671e-18
7833.860000 5.239923e-17 3.460831e-18
7836.860000 5.267278e-17 3.243785e-18
7839.860000 5.798449e-17 3.294765e-18
7842.860000 5.896981e-17 3.420655e-18
7845.860000 5.596967e-17 3.605857e-18
7848.860000 5.684998e-17 3.755528e-18
7851.860000 4.914740e-17 3.829414e-18
7854.860000 5.628220e-17 4.325958e-18
7857.860000 7.150458e-17 5.005785e-18
7860.860000 7.059768e-17 5.196095e-18
7863.860000 5.732720e-17 5.025231e-18
7866.860000 5.394847e-17 4.817019e-18
7869.860000 5.706724e-17 4.720095e-18
7872.860000 6.432322e-17 4.887620e-18
7875.860000 6.801265e-17 5.065273e-18
7878.860000 5.338429e-17 4.839646e-18
7881.860000 4.825592e-17 4.499635e-18
7884.860000 5.570024e-17 4.393101e-18
7887.860000 5.614693e-17 4.314894e-18
7890.860000 5.610124e-17 4.211734e-18
7893.860000 5.833689e-17 4.212458e-18
7896.860000 5.757759e-17 4.185140e-18
7899.860000 5.380419e-17 3.947279e-18
7902.860000 5.194012e-17 3.594018e-18
7905.860000 5.005426e-17 3.330147e-18
7908.860000 4.932253e-17 3.237682e-18
7911.860000 5.173572e-17 3.371707e-18
7914.860000 5.945259e-17 3.787380e-18
7917.860000 6.970265e-17 4.421925e-18
7920.860000 6.546513e-17 4.663221e-18
7923.860000 4.856052e-17 4.370978e-18
7926.860000 5.031211e-17 3.995941e-18
7929.860000 5.570154e-17 3.706555e-18
7932.860000 5.609699e-17 3.469607e-18
7935.860000 6.674245e-17 3.421553e-18
7938.860000 6.462064e-17 3.373066e-18
7941.860000 4.968722e-17 3.182670e-18
7944.860000 4.686523e-17 3.041323e-18
7947.860000 5.486240e-17 3.082508e-18
7950.860000 6.032305e-17 3.237323e-18
7953.860000 6.363748e-17 3.392980e-18
7956.860000 5.704848e-17 3.380586e-18
7959.860000 4.895077e-17 3.275618e-18
7962.860000 4.621671e-17 3.303255e-18
7965.860000 5.756341e-17 3.797080e-18
7968.860000 7.681663e-17 4.498152e-18
7971.860000 7.250068e-17 4.640026e-18
7974.860000 5.132240e-17 4.244021e-18
7977.860000 4.897508e-17 3.936934e-18
7980.860000 5.136441e-17 3.931492e-18
7983.860000 6.013636e-17 4.218144e-18
7986.860000 4.971092e-17 4.286498e-18
7989.860000 3.815484e-17 4.167751e-18
7992.860000 4.556099e-17 4.327178e-18
7995.860000 5.952799e-17 5.095662e-18
7998.860000 7.149037e-17 5.757855e-18
8001.860000 4.887181e-17 5.560328e-18
8004.860000 4.427514e-17 4.747936e-18
8007.860000 4.077357e-17 4.108670e-18
8010.860000 4.349381e-17 3.831029e-18
8013.860000 4.712912e-17 3.702865e-18
8016.860000 5.249775e-17 3.777505e-18
8019.860000 5.878502e-17 3.936993e-18
8022.860000 5.181497e-17 3.875469e-18
8025.860000 4.854766e-17 3.792898e-18
8028.860000 5.898705e-17 4.027615e-18
8031.860000 6.602095e-17 4.275991e-18
8034.860000 5.351867e-17 4.064342e-18
8037.860000 4.132952e-17 3.578184e-18
8040.860000 3.799100e-17 3.211270e-18
8043.860000 4.170307e-17 3.022549e-18
8046.860000 4.581758e-17 2.961758e-18
8049.860000 4.744140e-17 2.967708e-18
8052.860000 4.729558e-17 2.987012e-18
8055.860000 4.524237e-17 3.036937e-18
8058.860000 4.512891e-17 3.098409e-18
8061.860000 4.618581e-17 3.118484e-18
8064.860000 4.354224e-17 3.157883e-18
8067.860000 4.769879e-17 3.287360e-18
8070.860000 4.324215e-17 3.230829e-18
8073.860000 3.477441e-17 3.038479e-18
8076.860000 3.379652e-17 2.950183e-18
8079.860000 3.615572e-17 2.975011e-18
8082.860000 3.868508e-17 3.000612e-18
8085.860000 3.970693e-17 3.053714e-18
8088.860000 3.580117e-17 3.073857e-18
8091.860000 3.658372e-17 3.114393e-18
8094.860000 3.936078e-17 3.231507e-18
8097.860000 3.949538e-17 3.343778e-18
8100.860000 4.000111e-17 3.403058e-18
8103.860000 4.116086e-17 3.488992e-18
8106.860000 4.860243e-17 3.675836e-18
8109.860000 4.265090e-17 3.737537e-18
8112.860000 3.971196e-17 3.778319e-18
8115.860000 3.708674e-17 3.697986e-18
8118.860000 3.730287e-17 3.708054e-18
8121.860000 3.816213e-17 3.829577e-18
8124.860000 3.220881e-17 3.784487e-18
8127.860000 3.890270e-17 3.833687e-18
8130.860000 3.289691e-17 3.719274e-18
8133.860000 3.747947e-17 3.677346e-18
8136.860000 3.572231e-17 3.591436e-18
8139.860000 3.382145e-17 3.439090e-18
8142.860000 3.421568e-17 3.420885e-18
8145.860000 3.394573e-17 3.382517e-18
8148.860000 3.609554e-17 3.311449e-18
8151.860000 3.810468e-17 3.280784e-18
8154.860000 3.857077e-17 3.209833e-18
8157.860000 3.317224e-17 3.084313e-18
8160.860000 2.882157e-17 2.925622e-18
8163.860000 3.219880e-17 2.892835e-18
8166.860000 3.332455e-17 2.825359e-18
8169.860000 3.283716e-17 2.806968e-18
8172.860000 3.250298e-17 2.755598e-18
8175.860000 3.486097e-17 2.746600e-18
8178.860000 3.527071e-17 2.747284e-18
8181.860000 3.172567e-17 2.689801e-18
8184.860000 3.238474e-17 2.681143e-18
8187.860000 3.403273e-17 2.710660e-18
8190.860000 3.261411e-17 2.745569e-18
8193.860000 3.304235e-17 2.784360e-18
8196.860000 3.482822e-17 2.807604e-18
8199.860000 3.507869e-17 2.808291e-18
8202.860000 3.323259e-17 2.838792e-18
8205.860000 2.801186e-17 2.833360e-18
8208.860000 3.028609e-17 2.920695e-18
8211.860000 3.028207e-17 2.932240e-18
8214.860000 3.158326e-17 2.980996e-18
8217.860000 2.794181e-17 2.988193e-18
8220.860000 2.635303e-17 3.031560e-18
8223.860000 2.725117e-17 3.109987e-18
8226.860000 2.611600e-17 3.131410e-18
8229.860000 1.943230e-17 3.103433e-18
8232.860000 2.549739e-17 3.215769e-18
8235.860000 2.941358e-17 3.276671e-18
8238.860000 3.115998e-17 3.350797e-18
8241.860000 3.142164e-17 3.510378e-18
8244.860000 3.487828e-17 3.676536e-18
8247.860000 3.472451e-17 3.790741e-18
8250.860000 3.409714e-17 3.897175e-18
8253.860000 3.647641e-17 3.955955e-18
8256.860000 3.976413e-17 3.873497e-18
8259.860000 3.610551e-17 3.733896e-18
8262.860000 3.725061e-17 3.618011e-18
8265.860000 3.804739e-17 3.549104e-18
8268.860000 3.276670e-17 3.439347e-18
8271.860000 3.194244e-17 3.359853e-18
8274.860000 3.382633e-17 3.334521e-18
8277.860000 2.856244e-17 3.302546e-18
8280.860000 2.768047e-17 3.360103e-18
8283.860000 3.679537e-17 3.710962e-18
8286.860000 4.214150e-17 4.069177e-18
8289.860000 4.096578e-17 4.202933e-18
8292.860000 4.309038e-17 4.265026e-18
8295.860000 3.581301e-17 4.213972e-18
8298.860000 3.130185e-17 4.083700e-18
8301.860000 3.938118e-17 4.147047e-18
8304.860000 4.364611e-17 4.272193e-18
8307.860000 3.606289e-17 4.009006e-18
8310.860000 3.275454e-17 3.543451e-18
8313.860000 3.552355e-17 3.319039e-18
8316.860000 3.615309e-17 3.276015e-18
8319.860000 3.174951e-17 3.181831e-18
8322.860000 3.277935e-17 3.057348e-18
8325.860000 3.347650e-17 2.971388e-18
8328.860000 3.469205e-17 2.954891e-18
8331.860000 3.793796e-17 3.013218e-18
8334.860000 4.227143e-17 3.073957e-18
8337.860000 3.949852e-17 3.140401e-18
8340.860000 3.167785e-17 3.305786e-18
8343.860000 3.151406e-17 4.022222e-18
8346.860000 4.651774e-17 5.408121e-18
8349.860000 7.466719e-17 6.411018e-18
8352.860000 5.250152e-17 6.245422e-18
8355.860000 4.263214e-17 5.597693e-18
8358.860000 4.172756e-17 5.221612e-18
8361.860000 2.911057e-17 4.711877e-18
8364.860000 3.053669e-17 4.364605e-18
8367.860000 4.483874e-17 4.426661e-18
8370.860000 3.944799e-17 4.484571e-18
8373.860000 3.135343e-17 4.376933e-18
8376.860000 3.034893e-17 4.236424e-18
8379.860000 4.021824e-17 4.195141e-18
8382.860000 5.155396e-17 4.374746e-18
8385.860000 5.680395e-17 4.641460e-18
8388.860000 4.599420e-17 4.690734e-18
8391.860000 3.049691e-17 4.319366e-18
8394.860000 3.086255e-17 3.934356e-18
8397.860000 4.035538e-17 3.965948e-18
8400.860000 5.190023e-17 4.594632e-18
8403.860000 6.090726e-17 5.440176e-18
8406.860000 4.520024e-17 5.489739e-18
8409.860000 3.506569e-17 4.733474e-18
8412.860000 4.130224e-17 3.955124e-18
8415.860000 4.890728e-17 3.619340e-18
8418.860000 5.567031e-17 3.767753e-18
8421.860000 4.563229e-17 3.884748e-18
8424.860000 2.897188e-17 3.683732e-18
8427.860000 3.362618e-17 3.533946e-18
8430.860000 5.329206e-17 3.967658e-18
8433.860000 7.704241e-17 4.806786e-18
8436.860000 6.920535e-17 5.119660e-18
8439.860000 4.615803e-17 4.585558e-18
8442.860000 4.303105e-17 3.801619e-18
8445.860000 4.273050e-17 3.304793e-18
8448.860000 4.063672e-17 3.102113e-18
8451.860000 4.189462e-17 3.192596e-18
8454.860000 5.412078e-17 3.543548e-18
8457.860000 5.618082e-17 3.765265e-18
8460.860000 4.163755e-17 3.711945e-18
8463.860000 4.282726e-17 3.751158e-18
8466.860000 6.308031e-17 4.348812e-18
8469.860000 7.467266e-17 4.979443e-18
8472.860000 5.155831e-17 4.943722e-18
8475.860000 4.510054e-17 4.410688e-18
8478.860000 4.708557e-17 3.995658e-18
8481.860000 4.709347e-17 3.766217e-18
8484.860000 4.634949e-17 3.768182e-18
8487.860000 4.732462e-17 3.801832e-18
8490.860000 4.384730e-17 3.850840e-18
8493.860000 4.279378e-17 4.007962e-18
8496.860000 5.105570e-17 4.432810e-18
8499.860000 5.719353e-17 4.770770e-18
8502.860000 4.407296e-17 4.718882e-18
8505.860000 5.372347e-17 4.803860e-18
8508.860000 6.157289e-17 5.089906e-18
8511.860000 5.516382e-17 5.079213e-18
8514.860000 4.032124e-17 4.588234e-18
8517.860000 4.353610e-17 4.048317e-18
8520.860000 4.978743e-17 3.773368e-18
8523.860000 4.327756e-17 3.591235e-18
8526.860000 4.602872e-17 3.509373e-18
8529.860000 4.826866e-17 3.435573e-18
8532.860000 4.478763e-17 3.324540e-18
8535.860000 4.290025e-17 3.257770e-18
8538.860000 4.240346e-17 3.239559e-18
8541.860000 4.950990e-17 3.294949e-18
8544.860000 5.037225e-17 3.333388e-18
8547.860000 4.366282e-17 3.267030e-18
8550.860000 4.681347e-17 3.276978e-18
8553.860000 5.141630e-17 3.384221e-18
8556.860000 4.414737e-17 3.320267e-18
8559.860000 3.896989e-17 3.130917e-18
8562.860000 3.608411e-17 2.973816e-18
8565.860000 3.412049e-17 2.901811e-18
8568.860000 3.674804e-17 2.917606e-18
8571.860000 4.001830e-17 2.966447e-18
8574.860000 4.619462e-17 3.049745e-18
8577.860000 4.692218e-17 3.071086e-18
8580.860000 4.524252e-17 3.075912e-18
8583.860000 4.714375e-17 3.119983e-18
8586.860000 4.813640e-17 3.173485e-18
8589.860000 4.670394e-17 3.235486e-18
8592.860000 4.477214e-17 3.303169e-18
8595.860000 4.659173e-17 3.423136e-18
8598.860000 4.714374e-17 3.509068e-18
8601.860000 4.084951e-17 3.519793e-18
8604.860000 3.490645e-17 3.534546e-18
8607.860000 3.856131e-17 3.591808e-18
8610.860000 3.590577e-17 3.626588e-18
8613.860000 3.826374e-17 3.709152e-18
8616.860000 4.377191e-17 3.901142e-18
8619.860000 4.402477e-17 4.120409e-18
8622.860000 4.726008e-17 4.396563e-18
8625.860000 5.638902e-17 4.792778e-18
8628.860000 5.480967e-17 5.021954e-18
8631.860000 4.600546e-17 5.099181e-18
8634.860000 5.164732e-17 5.134247e-18
8637.860000 5.666376e-17 5.067591e-18
8640.860000 4.919687e-17 4.824121e-18
8643.860000 4.434630e-17 4.521458e-18
8646.860000 4.137913e-17 4.218804e-18
8649.860000 4.551793e-17 4.010931e-18
8652.860000 5.629873e-17 4.058487e-18
8655.860000 5.933854e-17 4.204046e-18
8658.860000 5.736881e-17 4.291550e-18
8661.860000 4.781678e-17 4.251915e-18
8664.860000 4.195935e-17 4.145127e-18
8667.860000 4.306323e-17 4.066722e-18
8670.860000 4.768144e-17 3.994212e-18
8673.860000 4.826882e-17 3.868347e-18
8676.860000 4.391711e-17 3.706025e-18
8679.860000 3.621321e-17 3.514323e-18
8682.860000 3.531705e-17 3.371064e-18
8685.860000 3.729803e-17 3.282362e-18
8688.860000 3.761651e-17 3.211070e-18
8691.860000 3.825204e-17 3.164789e-18
8694.860000 4.169316e-17 3.145134e-18
8697.860000 4.404984e-17 3.110586e-18
8700.860000 4.428139e-17 3.107090e-18
8703.860000 4.373696e-17 3.139180e-18
8706.860000 4.274646e-17 3.193010e-18
8709.860000 4.123257e-17 3.224946e-18
8712.860000 4.340999e-17 3.283509e-18
8715.860000 4.289984e-17 3.288078e-18
8718.860000 4.305282e-17 3.277314e-18
8721.860000 4.098497e-17 3.289146e-18
8724.860000 3.628188e-17 3.295992e-18
8727.860000 3.711506e-17 3.397034e-18
8730.860000 4.277441e-17 3.543489e-18
8733.860000 4.367041e-17 3.657214e-18
8736.860000 4.379554e-17 3.726050e-18
8739.860000 3.966886e-17 3.736191e-18
8742.860000 3.983424e-17 3.863293e-18
8745.860000 4.528073e-17 4.040003e-18
8748.860000 4.342562e-17 4.109760e-18
8751.860000 3.945081e-17 4.165799e-18
8754.860000 3.837081e-17 4.223136e-18
8757.860000 4.097816e-17 4.318633e-18
8760.860000 4.336486e-17 4.618273e-18
8763.860000 3.409431e-17 5.262121e-18
8766.860000 3.469757e-17 5.884528e-18
8769.860000 4.573625e-17 6.194387e-18
8772.860000 5.642892e-17 6.267871e-18
8775.860000 4.607390e-17 5.968978e-18
8778.860000 4.623178e-17 5.521861e-18
8781.860000 6.289959e-17 5.624786e-18
8784.860000 5.490791e-17 5.662165e-18
8787.860000 3.139496e-17 5.018490e-18
8790.860000 3.230648e-17 4.157126e-18
8793.860000 4.746630e-17 3.909113e-18
8796.860000 5.792920e-17 3.986804e-18
8799.860000 4.679182e-17 3.829727e-18
8802.860000 3.799479e-17 3.476294e-18
8805.860000 3.406735e-17 3.178625e-18
8808.860000 3.633408e-17 3.086966e-18
8811.860000 3.850809e-17 3.077802e-18
8814.860000 3.905121e-17 3.104057e-18
8817.860000 3.677092e-17 3.151341e-18
8820.860000 3.543638e-17 3.216427e-18
8823.860000 3.436790e-17 3.471414e-18
8826.860000 3.690488e-17 4.461177e-18
8829.860000 3.813896e-17 5.951394e-18
8832.860000 4.735515e-17 6.796211e-18
8835.860000 4.912289e-17 6.494070e-18
8838.860000 5.379171e-17 5.854337e-18
8841.860000 5.181421e-17 5.379143e-18
8844.860000 4.142604e-17 4.857187e-18
8847.860000 4.131609e-17 4.300104e-18
8850.860000 4.968382e-17 4.132160e-18
8853.860000 5.419566e-17 4.282696e-18
8856.860000 3.993176e-17 4.273725e-18
8859.860000 3.420092e-17 4.087081e-18
8862.860000 3.704299e-17 3.996085e-18
8865.860000 4.258645e-17 4.143875e-18
8868.860000 5.287733e-17 4.709718e-18
8871.860000 5.747678e-17 5.423866e-18
8874.860000 4.660379e-17 5.656487e-18
8877.860000 3.424318e-17 5.311135e-18
8880.860000 3.617432e-17 4.746781e-18
8883.860000 3.789400e-17 4.618876e-18
8886.860000 5.218186e-17 5.583017e-18
8889.860000 6.622757e-17 7.001339e-18
8892.860000 7.069237e-17 7.474714e-18
8895.860000 3.775495e-17 6.522557e-18
8898.860000 4.862004e-17 5.096442e-18
8901.860000 3.774033e-17 4.344470e-18
8904.860000 5.278670e-17 4.387930e-18
8907.860000 5.622416e-17 4.752540e-18
8910.860000 4.339100e-17 4.753206e-18
8913.860000 2.766937e-17 4.321367e-18
8916.860000 3.334933e-17 4.011807e-18
8919.860000 6.079554e-17 4.522759e-18
8922.860000 8.320534e-17 5.683050e-18
8925.860000 7.289964e-17 6.328383e-18
8928.860000 5.137311e-17 5.836230e-18
8931.860000 5.089190e-17 4.702320e-18
8934.860000 4.220753e-17 3.854352e-18
8937.860000 3.911645e-17 3.455741e-18
8940.860000 3.836344e-17 3.366715e-18
8943.860000 5.189363e-17 3.606744e-18
8946.860000 6.268877e-17 4.020030e-18
8949.860000 4.927816e-17 4.157142e-18
8952.860000 2.873323e-17 3.929642e-18
8955.860000 2.999323e-17 3.789795e-18
8958.860000 5.053307e-17 4.423190e-18
8961.860000 6.475994e-17 5.385100e-18
8964.860000 4.937852e-17 5.615594e-18
8967.860000 4.074554e-17 5.003284e-18
8970.860000 4.218110e-17 4.194732e-18
8973.860000 3.509083e-17 3.739093e-18
8976.860000 2.822623e-17 3.600856e-18
8979.860000 3.751686e-17 3.731386e-18
8982.860000 4.579790e-17 3.876920e-18
8985.860000 4.356847e-17 3.979922e-18
8988.860000 3.901880e-17 4.169447e-18
8991.860000 3.728182e-17 4.551781e-18
8994.860000 3.198137e-17 4.818536e-18
8997.860000 2.638356e-17 4.780304e-18
9000.860000 3.448601e-17 4.920490e-18
9003.860000 5.842093e-17 5.685399e-18
9006.860000 6.203559e-17 6.268372e-18
9009.860000 4.911373e-17 5.953961e-18
9012.860000 3.671420e-17 5.040075e-18
9015.860000 3.204440e-17 4.326116e-18
9018.860000 3.495238e-17 3.981391e-18
9021.860000 3.562260e-17 3.850658e-18
9024.860000 3.242528e-17 3.747949e-18
9027.860000 2.855774e-17 3.648263e-18
9030.860000 2.799873e-17 3.579701e-18
9033.860000 2.882085e-17 3.565468e-18
9036.860000 3.257037e-17 3.605104e-18
9039.860000 3.898708e-17 3.721509e-18
9042.860000 4.288100e-17 3.895953e-18
9045.860000 3.974058e-17 3.871536e-18
9048.860000 3.736685e-17 3.778156e-18
9051.860000 4.298844e-17 3.857978e-18
9054.860000 5.078860e-17 4.051748e-18
9057.860000 4.614496e-17 4.009333e-18
9060.860000 3.967249e-17 3.740427e-18
9063.860000 3.164643e-17 3.475894e-18
9066.860000 3.011804e-17 3.357880e-18
9069.860000 3.668974e-17 3.337274e-18
9072.860000 3.400177e-17 3.286897e-18
9075.860000 3.240951e-17 3.272517e-18
9078.860000 3.387624e-17 3.297541e-18
9081.860000 3.327862e-17 3.291759e-18
9084.860000 3.316149e-17 3.344195e-18
9087.860000 2.927020e-17 3.414798e-18
9090.860000 3.138551e-17 3.526626e-18
9093.860000 3.732173e-17 3.654930e-18
9096.860000 3.866607e-17 3.754354e-18
9099.860000 3.420893e-17 3.813601e-18
